Student_id,Stress Coping Mechanisms,pred_int,pred_label,P_low,P_med,P_high
3616,Travelling,1,Medium,0.23666666666666666,0.5433333333333333,0.22
2467,Social Media Engagement,2,High,0.38666666666666666,0.21666666666666667,0.39666666666666667
377,Spending Time Alone,2,High,0.3333333333333333,0.2966666666666667,0.37
1315,Reading,2,High,0.25333333333333335,0.32,0.4266666666666667
5096,Reading,2,High,0.14666666666666667,0.20666666666666667,0.6466666666666666
4151,Meditation,0,Low,0.7166666666666667,0.13,0.15333333333333332
4144,Meditation,2,High,0.3,0.2733333333333333,0.4266666666666667
736,Travelling,2,High,0.35333333333333333,0.28,0.36666666666666664
2546,Watching Sports,1,Medium,0.13666666666666666,0.6333333333333333,0.23
2920,Walking or Nature Walks,1,Medium,0.27,0.39,0.34
2825,Talking to Friends,1,Medium,0.37666666666666665,0.42,0.20333333333333334
1795,Walking or Nature Walks,1,Medium,0.33,0.33666666666666667,0.3333333333333333
4407,Talking to Friends,2,High,0.22,0.19333333333333333,0.5866666666666667
5215,Social Media Engagement,2,High,0.19333333333333333,0.20333333333333334,0.6033333333333334
5639,Yoga,2,High,0.3333333333333333,0.27,0.39666666666666667
2745,Travelling,2,High,0.13666666666666666,0.18,0.6833333333333333
262,Spending Time Alone,1,Medium,0.29,0.37333333333333335,0.33666666666666667
1039,Watching Sports,2,High,0.26666666666666666,0.26666666666666666,0.4666666666666667
4020,Yoga,2,High,0.26666666666666666,0.33,0.4033333333333333
1908,Walking or Nature Walks,1,Medium,0.23666666666666666,0.44666666666666666,0.31666666666666665
4301,Meditation,2,High,0.14333333333333334,0.19666666666666666,0.66
1739,Watching Sports,1,Medium,0.31333333333333335,0.4033333333333333,0.2833333333333333
2060,Talking to Friends,0,Low,0.4066666666666667,0.32666666666666666,0.26666666666666666
1191,Reading,0,Low,0.3933333333333333,0.24666666666666667,0.36
4118,Travelling,2,High,0.16,0.2,0.64
2997,Talking to Friends,2,High,0.12333333333333334,0.08666666666666667,0.79
3311,Meditation,0,Low,0.6333333333333333,0.17666666666666667,0.19
161,Yoga,0,Low,0.38666666666666666,0.2833333333333333,0.33
3835,Talking to Friends,0,Low,0.6266666666666667,0.16333333333333333,0.21
5270,Spending Time Alone,0,Low,0.6033333333333334,0.21333333333333335,0.18333333333333332
3042,Meditation,2,High,0.16,0.18666666666666668,0.6533333333333333
4364,Meditation,2,High,0.2633333333333333,0.3433333333333333,0.3933333333333333
5231,Reading,2,High,0.30666666666666664,0.19666666666666666,0.49666666666666665
1069,Spending Time Alone,0,Low,0.39,0.3,0.31
3023,Talking to Friends,1,Medium,0.12666666666666668,0.75,0.12333333333333334
2777,Watching Sports,2,High,0.14666666666666667,0.19333333333333333,0.66
2186,Talking to Friends,0,Low,0.37333333333333335,0.26666666666666666,0.36
4898,Spending Time Alone,1,Medium,0.25666666666666665,0.4633333333333333,0.28
5496,Reading,1,Medium,0.14333333333333334,0.7233333333333334,0.13333333333333333
272,Watching Sports,2,High,0.30333333333333334,0.32,0.37666666666666665
4705,Spending Time Alone,0,Low,0.6666666666666666,0.12,0.21333333333333335
540,Spending Time Alone,1,Medium,0.3,0.39666666666666667,0.30333333333333334
2763,Meditation,2,High,0.3466666666666667,0.27666666666666667,0.37666666666666665
3559,Meditation,2,High,0.23333333333333334,0.15,0.6166666666666667
3981,Meditation,1,Medium,0.2866666666666667,0.36666666666666664,0.3466666666666667
4183,Travelling,2,High,0.27,0.26,0.47
2472,Watching Sports,2,High,0.34,0.29,0.37
2806,Yoga,0,Low,0.3933333333333333,0.25,0.3566666666666667
4461,Meditation,0,Low,0.3333333333333333,0.3333333333333333,0.3333333333333333
3476,Watching Sports,1,Medium,0.2,0.5933333333333334,0.20666666666666667
4295,Yoga,0,Low,0.68,0.10333333333333333,0.21666666666666667
2779,Spending Time Alone,1,Medium,0.16666666666666666,0.5533333333333333,0.28
2726,Spending Time Alone,2,High,0.30666666666666664,0.29,0.4033333333333333
3806,Spending Time Alone,1,Medium,0.21,0.6433333333333333,0.14666666666666667
5213,Spending Time Alone,0,Low,0.47333333333333333,0.23,0.2966666666666667
3007,Social Media Engagement,2,High,0.35,0.27,0.38
1524,Talking to Friends,1,Medium,0.2733333333333333,0.38333333333333336,0.3433333333333333
3299,Exercise,1,Medium,0.2966666666666667,0.36333333333333334,0.34
2591,Reading,2,High,0.16333333333333333,0.18666666666666668,0.65
5423,Reading,1,Medium,0.22,0.5933333333333334,0.18666666666666668
1864,Reading,1,Medium,0.14333333333333334,0.6733333333333333,0.18333333333333332
3168,Exercise,2,High,0.12666666666666668,0.11333333333333333,0.76
3089,Walking or Nature Walks,0,Low,0.36666666666666664,0.30333333333333334,0.33
5544,Social Media Engagement,0,Low,0.5033333333333333,0.25333333333333335,0.24333333333333335
519,Walking or Nature Walks,2,High,0.2633333333333333,0.3333333333333333,0.4033333333333333
5156,Exercise,1,Medium,0.2,0.5966666666666667,0.20333333333333334
5634,Walking or Nature Walks,2,High,0.20666666666666667,0.19666666666666666,0.5966666666666667
1126,Yoga,2,High,0.27666666666666667,0.30333333333333334,0.42
1745,Spending Time Alone,0,Low,0.4266666666666667,0.25,0.3233333333333333
1871,Travelling,1,Medium,0.3433333333333333,0.3466666666666667,0.31
3921,Exercise,1,Medium,0.11666666666666667,0.6366666666666667,0.24666666666666667
358,Travelling,2,High,0.3433333333333333,0.22333333333333333,0.43333333333333335
5581,Watching Sports,0,Low,0.41,0.18666666666666668,0.4033333333333333
3704,Travelling,0,Low,0.54,0.25666666666666665,0.20333333333333334
2255,Reading,1,Medium,0.31333333333333335,0.38333333333333336,0.30333333333333334
5424,Walking or Nature Walks,2,High,0.29,0.2633333333333333,0.44666666666666666
5582,Reading,0,Low,0.38,0.2966666666666667,0.3233333333333333
5476,Talking to Friends,2,High,0.24666666666666667,0.3433333333333333,0.41
1413,Walking or Nature Walks,0,Low,0.43666666666666665,0.2966666666666667,0.26666666666666666
1686,Talking to Friends,1,Medium,0.3466666666666667,0.36,0.29333333333333333
904,Walking or Nature Walks,1,Medium,0.30333333333333334,0.36333333333333334,0.3333333333333333
5474,Meditation,1,Medium,0.13666666666666666,0.6066666666666667,0.25666666666666665
2086,Yoga,2,High,0.24333333333333335,0.22666666666666666,0.53
148,Walking or Nature Walks,0,Low,0.59,0.25333333333333335,0.15666666666666668
5216,Travelling,0,Low,0.5366666666666666,0.24666666666666667,0.21666666666666667
2761,Walking or Nature Walks,2,High,0.32666666666666666,0.30666666666666664,0.36666666666666664
2933,Talking to Friends,1,Medium,0.21666666666666667,0.5666666666666667,0.21666666666666667
4488,Walking or Nature Walks,2,High,0.24666666666666667,0.29,0.4633333333333333
5556,Meditation,2,High,0.13,0.14,0.73
331,Spending Time Alone,1,Medium,0.27666666666666667,0.38,0.3433333333333333
1222,Social Media Engagement,2,High,0.24,0.27666666666666667,0.48333333333333334
4876,Reading,0,Low,0.44,0.20666666666666667,0.35333333333333333
1902,Meditation,0,Low,0.36333333333333334,0.2833333333333333,0.35333333333333333
1971,Exercise,1,Medium,0.3566666666666667,0.36,0.2833333333333333
2804,Watching Sports,1,Medium,0.31333333333333335,0.3466666666666667,0.34
2810,Spending Time Alone,2,High,0.2733333333333333,0.30333333333333334,0.42333333333333334
2260,Meditation,1,Medium,0.19666666666666666,0.6166666666666667,0.18666666666666668
1161,Meditation,0,Low,0.38666666666666666,0.29333333333333333,0.32
2686,Yoga,2,High,0.20333333333333334,0.15,0.6466666666666666
5583,Exercise,0,Low,0.6166666666666667,0.21333333333333335,0.17
2518,Social Media Engagement,2,High,0.30666666666666664,0.31,0.38333333333333336
4015,Meditation,0,Low,0.6733333333333333,0.13666666666666666,0.19
712,Yoga,0,Low,0.4266666666666667,0.24,0.3333333333333333
3270,Talking to Friends,0,Low,0.4,0.33666666666666667,0.2633333333333333
3555,Reading,1,Medium,0.15,0.6533333333333333,0.19666666666666666
3283,Social Media Engagement,2,High,0.12,0.12666666666666668,0.7533333333333333
75,Exercise,0,Low,0.4166666666666667,0.27,0.31333333333333335
4537,Meditation,1,Medium,0.2633333333333333,0.46,0.27666666666666667
2636,Yoga,2,High,0.14333333333333334,0.19333333333333333,0.6633333333333333
1587,Talking to Friends,1,Medium,0.2866666666666667,0.39,0.3233333333333333
5003,Travelling,2,High,0.26666666666666666,0.12333333333333334,0.61
2034,Spending Time Alone,1,Medium,0.2633333333333333,0.41333333333333333,0.3233333333333333
5359,Travelling,1,Medium,0.25333333333333335,0.41333333333333333,0.3333333333333333
57,Reading,1,Medium,0.3,0.4033333333333333,0.2966666666666667
70,Watching Sports,2,High,0.35,0.26666666666666666,0.38333333333333336
5492,Social Media Engagement,0,Low,0.79,0.11333333333333333,0.09666666666666666
737,Watching Sports,2,High,0.19333333333333333,0.37666666666666665,0.43
2144,Yoga,0,Low,0.4066666666666667,0.26,0.3333333333333333
395,Travelling,2,High,0.27666666666666667,0.25333333333333335,0.47
4807,Walking or Nature Walks,0,Low,0.48333333333333334,0.22666666666666666,0.29
5176,Reading,1,Medium,0.19,0.55,0.26
3085,Talking to Friends,2,High,0.29333333333333333,0.31,0.39666666666666667
305,Reading,0,Low,0.39,0.23666666666666666,0.37333333333333335
2914,Reading,1,Medium,0.26,0.4166666666666667,0.3233333333333333
3636,Talking to Friends,2,High,0.21666666666666667,0.22,0.5633333333333334
472,Travelling,0,Low,0.39666666666666667,0.27,0.3333333333333333
3092,Talking to Friends,0,Low,0.6366666666666667,0.19333333333333333,0.17
3721,Watching Sports,1,Medium,0.09333333333333334,0.7366666666666667,0.17
5225,Exercise,1,Medium,0.29333333333333333,0.4066666666666667,0.3
4205,Exercise,0,Low,0.47333333333333333,0.19333333333333333,0.3333333333333333
2449,Walking or Nature Walks,2,High,0.14666666666666667,0.19333333333333333,0.66
3260,Spending Time Alone,2,High,0.17666666666666667,0.19666666666666666,0.6266666666666667
5289,Travelling,0,Low,0.6666666666666666,0.17333333333333334,0.16
2613,Spending Time Alone,0,Low,0.35333333333333333,0.30333333333333334,0.3433333333333333
246,Travelling,0,Low,0.3433333333333333,0.3333333333333333,0.3233333333333333
936,Meditation,2,High,0.3233333333333333,0.3333333333333333,0.3433333333333333
410,Yoga,0,Low,0.45,0.23666666666666666,0.31333333333333335
4519,Reading,0,Low,0.37,0.32666666666666666,0.30333333333333334
4777,Meditation,2,High,0.30333333333333334,0.15666666666666668,0.54
526,Walking or Nature Walks,2,High,0.28,0.26,0.46
2975,Meditation,2,High,0.27666666666666667,0.28,0.44333333333333336
329,Watching Sports,0,Low,0.39666666666666667,0.27,0.3333333333333333
2284,Reading,0,Low,0.38666666666666666,0.29333333333333333,0.32
2344,Spending Time Alone,2,High,0.31666666666666665,0.12,0.5633333333333334
717,Exercise,1,Medium,0.30666666666666664,0.36666666666666664,0.32666666666666666
147,Exercise,2,High,0.32666666666666666,0.31666666666666665,0.3566666666666667
1189,Yoga,2,High,0.3,0.23333333333333334,0.4666666666666667
4068,Yoga,1,Medium,0.06333333333333334,0.8566666666666667,0.08
5079,Exercise,2,High,0.31333333333333335,0.30666666666666664,0.38
2327,Meditation,2,High,0.13333333333333333,0.22,0.6466666666666666
2012,Social Media Engagement,0,Low,0.36333333333333334,0.29,0.3466666666666667
5552,Exercise,0,Low,0.5866666666666667,0.15666666666666668,0.25666666666666665
1293,Exercise,2,High,0.32,0.32666666666666666,0.35333333333333333
5306,Yoga,2,High,0.2966666666666667,0.31,0.3933333333333333
155,Walking or Nature Walks,0,Low,0.38,0.31666666666666665,0.30333333333333334
2105,Exercise,1,Medium,0.13333333333333333,0.6666666666666666,0.2
5292,Spending Time Alone,2,High,0.2733333333333333,0.33,0.39666666666666667
636,Yoga,2,High,0.3233333333333333,0.28,0.39666666666666667
2937,Walking or Nature Walks,2,High,0.33,0.3333333333333333,0.33666666666666667
3209,Talking to Friends,1,Medium,0.11,0.75,0.14
3407,Travelling,1,Medium,0.25333333333333335,0.38,0.36666666666666664
1585,Watching Sports,1,Medium,0.22333333333333333,0.6,0.17666666666666667
3195,Social Media Engagement,0,Low,0.79,0.08333333333333333,0.12666666666666668
3969,Exercise,0,Low,0.77,0.11666666666666667,0.11333333333333333
2346,Walking or Nature Walks,1,Medium,0.10666666666666667,0.7566666666666667,0.13666666666666666
3222,Walking or Nature Walks,0,Low,0.65,0.14,0.21
4495,Meditation,0,Low,0.5933333333333334,0.20333333333333334,0.20333333333333334
4734,Meditation,2,High,0.14,0.20333333333333334,0.6566666666666666
4440,Travelling,2,High,0.19,0.21333333333333335,0.5966666666666667
2930,Talking to Friends,2,High,0.2733333333333333,0.26666666666666666,0.46
5651,Social Media Engagement,0,Low,0.43,0.30333333333333334,0.26666666666666666
1031,Travelling,2,High,0.25666666666666665,0.3,0.44333333333333336
3325,Spending Time Alone,2,High,0.14333333333333334,0.2,0.6566666666666666
1268,Exercise,1,Medium,0.17333333333333334,0.64,0.18666666666666668
2305,Exercise,2,High,0.18,0.15666666666666668,0.6633333333333333
1251,Spending Time Alone,1,Medium,0.15666666666666668,0.66,0.18333333333333332
1660,Reading,2,High,0.2633333333333333,0.3333333333333333,0.4033333333333333
2802,Meditation,2,High,0.22333333333333333,0.16666666666666666,0.61
2824,Social Media Engagement,2,High,0.35,0.21666666666666667,0.43333333333333335
5421,Exercise,1,Medium,0.20333333333333334,0.62,0.17666666666666667
4163,Yoga,1,Medium,0.21333333333333335,0.5366666666666666,0.25
1724,Travelling,1,Medium,0.13,0.7533333333333333,0.11666666666666667
125,Travelling,2,High,0.3566666666666667,0.24666666666666667,0.39666666666666667
505,Social Media Engagement,2,High,0.2633333333333333,0.35333333333333333,0.38333333333333336
1525,Spending Time Alone,0,Low,0.3566666666666667,0.32,0.3233333333333333
823,Meditation,2,High,0.28,0.30666666666666664,0.41333333333333333
1804,Reading,2,High,0.3333333333333333,0.27666666666666667,0.39
4091,Walking or Nature Walks,2,High,0.31333333333333335,0.28,0.4066666666666667
5368,Talking to Friends,2,High,0.29333333333333333,0.2633333333333333,0.44333333333333336
5072,Talking to Friends,2,High,0.25666666666666665,0.3433333333333333,0.4
362,Watching Sports,1,Medium,0.31666666666666665,0.39666666666666667,0.2866666666666667
30,Exercise,2,High,0.2633333333333333,0.3466666666666667,0.39
1489,Watching Sports,2,High,0.3333333333333333,0.2966666666666667,0.37
3126,Spending Time Alone,0,Low,0.55,0.21,0.24
4515,Travelling,1,Medium,0.23666666666666666,0.5366666666666666,0.22666666666666666
2177,Reading,1,Medium,0.21333333333333335,0.47333333333333333,0.31333333333333335
3251,Reading,2,High,0.17,0.07333333333333333,0.7566666666666667
606,Walking or Nature Walks,2,High,0.27666666666666667,0.24333333333333335,0.48
4455,Meditation,1,Medium,0.15,0.6666666666666666,0.18333333333333332
1643,Watching Sports,1,Medium,0.2,0.68,0.12
4271,Travelling,2,High,0.35,0.17,0.48
3748,Reading,2,High,0.27666666666666667,0.29,0.43333333333333335
5412,Reading,0,Low,0.5933333333333334,0.19333333333333333,0.21333333333333335
1993,Meditation,2,High,0.2733333333333333,0.2866666666666667,0.44
4480,Walking or Nature Walks,1,Medium,0.25666666666666665,0.5,0.24333333333333335
4250,Social Media Engagement,2,High,0.22333333333333333,0.27,0.5066666666666667
5353,Travelling,1,Medium,0.15,0.6966666666666667,0.15333333333333332
4141,Talking to Friends,1,Medium,0.2633333333333333,0.39,0.3466666666666667
3874,Travelling,0,Low,0.61,0.18,0.21
2103,Walking or Nature Walks,1,Medium,0.3233333333333333,0.38,0.2966666666666667
1109,Yoga,1,Medium,0.19333333333333333,0.5533333333333333,0.25333333333333335
1474,Yoga,1,Medium,0.13,0.6333333333333333,0.23666666666666666
3658,Spending Time Alone,1,Medium,0.11333333333333333,0.7433333333333333,0.14333333333333334
3323,Watching Sports,2,High,0.3333333333333333,0.30666666666666664,0.36
2245,Watching Sports,1,Medium,0.3333333333333333,0.3433333333333333,0.3233333333333333
2858,Walking or Nature Walks,2,High,0.23333333333333334,0.3466666666666667,0.42
5088,Exercise,2,High,0.16333333333333333,0.17333333333333334,0.6633333333333333
1066,Meditation,1,Medium,0.31,0.35333333333333333,0.33666666666666667
1985,Talking to Friends,1,Medium,0.20666666666666667,0.49333333333333335,0.3
3587,Exercise,2,High,0.20666666666666667,0.22,0.5733333333333334
1068,Meditation,2,High,0.23666666666666666,0.34,0.42333333333333334
3811,Exercise,1,Medium,0.19333333333333333,0.6166666666666667,0.19
5751,Social Media Engagement,2,High,0.33,0.25666666666666665,0.41333333333333333
928,Reading,2,High,0.29333333333333333,0.2833333333333333,0.42333333333333334
274,Travelling,2,High,0.33,0.29333333333333333,0.37666666666666665
4653,Yoga,1,Medium,0.17333333333333334,0.6466666666666666,0.18
4476,Yoga,2,High,0.1,0.11333333333333333,0.7866666666666666
289,Exercise,2,High,0.31333333333333335,0.33666666666666667,0.35
5746,Reading,1,Medium,0.15,0.6533333333333333,0.19666666666666666
4733,Social Media Engagement,2,High,0.32666666666666666,0.25333333333333335,0.42
3211,Social Media Engagement,2,High,0.19666666666666666,0.16666666666666666,0.6366666666666667
1712,Meditation,2,High,0.24666666666666667,0.32666666666666666,0.4266666666666667
3548,Social Media Engagement,1,Medium,0.27666666666666667,0.38,0.3433333333333333
599,Talking to Friends,2,High,0.31333333333333335,0.31333333333333335,0.37333333333333335
474,Exercise,1,Medium,0.32666666666666666,0.37333333333333335,0.3
4318,Meditation,0,Low,0.54,0.24666666666666667,0.21333333333333335
5114,Talking to Friends,1,Medium,0.17666666666666667,0.5833333333333334,0.24
5576,Exercise,1,Medium,0.21666666666666667,0.65,0.13333333333333333
4629,Yoga,2,High,0.2866666666666667,0.22,0.49333333333333335
1562,Exercise,2,High,0.25666666666666665,0.23333333333333334,0.51
1371,Social Media Engagement,1,Medium,0.29,0.3566666666666667,0.35333333333333333
5404,Reading,0,Low,0.43,0.25333333333333335,0.31666666666666665
4098,Travelling,0,Low,0.62,0.2,0.18
3215,Meditation,0,Low,0.6666666666666666,0.14,0.19333333333333333
5730,Meditation,2,High,0.35,0.28,0.37
4004,Travelling,2,High,0.16666666666666666,0.16666666666666666,0.6666666666666666
1654,Spending Time Alone,1,Medium,0.16333333333333333,0.63,0.20666666666666667
3351,Watching Sports,2,High,0.2966666666666667,0.3333333333333333,0.37
154,Reading,0,Low,0.5,0.18333333333333332,0.31666666666666665
809,Watching Sports,0,Low,0.4266666666666667,0.27666666666666667,0.2966666666666667
3304,Exercise,2,High,0.28,0.32,0.4
506,Spending Time Alone,2,High,0.3233333333333333,0.25333333333333335,0.42333333333333334
4800,Talking to Friends,2,High,0.16666666666666666,0.18,0.6533333333333333
3378,Watching Sports,0,Low,0.62,0.14666666666666667,0.23333333333333334
4382,Social Media Engagement,0,Low,0.4166666666666667,0.2833333333333333,0.3
1922,Talking to Friends,1,Medium,0.11,0.75,0.14
2037,Meditation,2,High,0.34,0.25666666666666665,0.4033333333333333
4358,Meditation,1,Medium,0.3433333333333333,0.3566666666666667,0.3
5250,Social Media Engagement,2,High,0.07333333333333333,0.16,0.7666666666666667
3445,Yoga,0,Low,0.43666666666666665,0.28,0.2833333333333333
5282,Meditation,2,High,0.12,0.24333333333333335,0.6366666666666667
672,Yoga,2,High,0.30333333333333334,0.30666666666666664,0.39
2206,Travelling,1,Medium,0.18666666666666668,0.58,0.23333333333333334
1423,Reading,2,High,0.3333333333333333,0.32,0.3466666666666667
3853,Travelling,2,High,0.16666666666666666,0.12333333333333334,0.71
5162,Reading,1,Medium,0.23666666666666666,0.41,0.35333333333333333
4444,Spending Time Alone,2,High,0.09333333333333334,0.13666666666666666,0.77
1342,Social Media Engagement,1,Medium,0.28,0.36333333333333334,0.3566666666666667
1404,Social Media Engagement,0,Low,0.4066666666666667,0.32,0.2733333333333333
2178,Walking or Nature Walks,0,Low,0.36,0.29,0.35
3130,Yoga,2,High,0.31,0.28,0.41
639,Walking or Nature Walks,2,High,0.21666666666666667,0.38666666666666666,0.39666666666666667
3343,Travelling,1,Medium,0.27,0.4033333333333333,0.32666666666666666
1233,Spending Time Alone,1,Medium,0.08666666666666667,0.8033333333333333,0.11
3842,Social Media Engagement,2,High,0.14,0.17333333333333334,0.6866666666666666
2860,Exercise,2,High,0.13,0.09666666666666666,0.7733333333333333
3838,Reading,0,Low,0.43,0.16666666666666666,0.4033333333333333
5518,Talking to Friends,1,Medium,0.15666666666666668,0.6333333333333333,0.21
4775,Watching Sports,0,Low,0.44,0.30666666666666664,0.25333333333333335
1639,Watching Sports,1,Medium,0.26,0.39666666666666667,0.3433333333333333
2894,Walking or Nature Walks,2,High,0.13333333333333333,0.21666666666666667,0.65
522,Walking or Nature Walks,1,Medium,0.24333333333333335,0.39666666666666667,0.36
3354,Watching Sports,0,Low,0.67,0.15,0.18
3430,Watching Sports,1,Medium,0.2866666666666667,0.46,0.25333333333333335
5309,Social Media Engagement,1,Medium,0.16333333333333333,0.49666666666666665,0.34
4941,Walking or Nature Walks,2,High,0.13333333333333333,0.11333333333333333,0.7533333333333333
3178,Reading,1,Medium,0.27,0.39,0.34
3102,Spending Time Alone,2,High,0.21333333333333335,0.20666666666666667,0.58
3801,Watching Sports,1,Medium,0.23,0.53,0.24
5543,Travelling,1,Medium,0.17666666666666667,0.54,0.2833333333333333
1644,Yoga,1,Medium,0.33,0.3433333333333333,0.32666666666666666
2052,Meditation,2,High,0.31666666666666665,0.30666666666666664,0.37666666666666665
2170,Yoga,2,High,0.27,0.29,0.44
4990,Talking to Friends,2,High,0.3233333333333333,0.31333333333333335,0.36333333333333334
1731,Talking to Friends,1,Medium,0.30333333333333334,0.4166666666666667,0.28
2909,Travelling,2,High,0.25666666666666665,0.20666666666666667,0.5366666666666666
597,Walking or Nature Walks,1,Medium,0.26,0.4,0.34
2373,Watching Sports,2,High,0.16666666666666666,0.13,0.7033333333333334
2323,Exercise,2,High,0.27,0.35,0.38
2557,Walking or Nature Walks,2,High,0.17666666666666667,0.22333333333333333,0.6
1491,Social Media Engagement,0,Low,0.39,0.3,0.31
4432,Travelling,2,High,0.13333333333333333,0.18333333333333332,0.6833333333333333
971,Meditation,1,Medium,0.2833333333333333,0.37666666666666665,0.34
867,Spending Time Alone,2,High,0.33,0.25,0.42
1798,Spending Time Alone,2,High,0.24,0.26,0.5
1438,Reading,0,Low,0.38,0.33,0.29
2109,Meditation,2,High,0.27,0.23666666666666666,0.49333333333333335
4817,Social Media Engagement,0,Low,0.6433333333333333,0.19333333333333333,0.16333333333333333
1437,Watching Sports,2,High,0.24333333333333335,0.3333333333333333,0.42333333333333334
594,Walking or Nature Walks,2,High,0.31666666666666665,0.33666666666666667,0.3466666666666667
457,Watching Sports,2,High,0.31333333333333335,0.29,0.39666666666666667
638,Travelling,2,High,0.3233333333333333,0.2633333333333333,0.41333333333333333
1311,Talking to Friends,2,High,0.27666666666666667,0.27666666666666667,0.44666666666666666
1329,Watching Sports,0,Low,0.3466666666666667,0.33666666666666667,0.31666666666666665
5203,Meditation,2,High,0.35,0.26,0.39
2870,Spending Time Alone,0,Low,0.36666666666666664,0.30333333333333334,0.33
5165,Meditation,2,High,0.27666666666666667,0.2966666666666667,0.4266666666666667
3315,Meditation,1,Medium,0.19333333333333333,0.62,0.18666666666666668
4795,Exercise,2,High,0.23333333333333334,0.19666666666666666,0.57
38,Meditation,2,High,0.32,0.29,0.39
3667,Social Media Engagement,1,Medium,0.20666666666666667,0.6033333333333334,0.19
4339,Social Media Engagement,0,Low,0.6366666666666667,0.15,0.21333333333333335
5580,Talking to Friends,2,High,0.33,0.24666666666666667,0.42333333333333334
4229,Meditation,2,High,0.13666666666666666,0.16,0.7033333333333334
1692,Yoga,1,Medium,0.3466666666666667,0.36333333333333334,0.29
2306,Meditation,1,Medium,0.15333333333333332,0.61,0.23666666666666666
2519,Watching Sports,2,High,0.27,0.2733333333333333,0.45666666666666667
3069,Watching Sports,0,Low,0.5333333333333333,0.2733333333333333,0.19333333333333333
2852,Exercise,2,High,0.29333333333333333,0.30333333333333334,0.4033333333333333
3778,Meditation,2,High,0.13666666666666666,0.23666666666666666,0.6266666666666667
2590,Social Media Engagement,0,Low,0.38,0.2966666666666667,0.3233333333333333
2634,Travelling,0,Low,0.45,0.23333333333333334,0.31666666666666665
4809,Reading,1,Medium,0.14666666666666667,0.6933333333333334,0.16
3066,Travelling,2,High,0.24333333333333335,0.3466666666666667,0.41
4073,Social Media Engagement,0,Low,0.64,0.14,0.22
3796,Spending Time Alone,0,Low,0.5833333333333334,0.23666666666666666,0.18
1252,Talking to Friends,0,Low,0.71,0.14666666666666667,0.14333333333333334
5606,Walking or Nature Walks,0,Low,0.54,0.23,0.23
4096,Watching Sports,2,High,0.22,0.21333333333333335,0.5666666666666667
1095,Spending Time Alone,1,Medium,0.27666666666666667,0.37666666666666665,0.3466666666666667
758,Meditation,2,High,0.32,0.2633333333333333,0.4166666666666667
2795,Meditation,2,High,0.23333333333333334,0.23666666666666666,0.53
5485,Reading,0,Low,0.55,0.2,0.25
5358,Watching Sports,0,Low,0.48333333333333334,0.2966666666666667,0.22
1151,Talking to Friends,1,Medium,0.14,0.5866666666666667,0.2733333333333333
2655,Meditation,1,Medium,0.19,0.57,0.24
3818,Exercise,0,Low,0.38666666666666666,0.23,0.38333333333333336
2094,Exercise,2,High,0.2866666666666667,0.29,0.42333333333333334
2469,Travelling,2,High,0.25,0.30666666666666664,0.44333333333333336
3888,Yoga,1,Medium,0.19,0.7033333333333334,0.10666666666666667
4112,Social Media Engagement,2,High,0.23333333333333334,0.18,0.5866666666666667
2713,Meditation,2,High,0.25,0.20333333333333334,0.5466666666666666
1289,Meditation,2,High,0.3333333333333333,0.29,0.37666666666666665
1561,Walking or Nature Walks,0,Low,0.44,0.23,0.33
2411,Reading,2,High,0.11666666666666667,0.09666666666666666,0.7866666666666666
5054,Exercise,1,Medium,0.15,0.6566666666666666,0.19333333333333333
2977,Exercise,2,High,0.22,0.3466666666666667,0.43333333333333335
5342,Talking to Friends,1,Medium,0.19666666666666666,0.6633333333333333,0.14
1728,Talking to Friends,2,High,0.30333333333333334,0.26666666666666666,0.43
1917,Travelling,1,Medium,0.32,0.37666666666666665,0.30333333333333334
2106,Spending Time Alone,2,High,0.22666666666666666,0.32666666666666666,0.44666666666666666
2145,Watching Sports,2,High,0.27666666666666667,0.30666666666666664,0.4166666666666667
2005,Exercise,1,Medium,0.15333333333333332,0.6566666666666666,0.19
5442,Yoga,1,Medium,0.25666666666666665,0.4666666666666667,0.27666666666666667
2932,Spending Time Alone,0,Low,0.43333333333333335,0.22,0.3466666666666667
5601,Travelling,2,High,0.3466666666666667,0.22333333333333333,0.43
3617,Walking or Nature Walks,0,Low,0.6066666666666667,0.18666666666666668,0.20666666666666667
3892,Walking or Nature Walks,0,Low,0.37666666666666665,0.3333333333333333,0.29
3093,Talking to Friends,1,Medium,0.16666666666666666,0.6966666666666667,0.13666666666666666
1826,Travelling,1,Medium,0.21,0.6633333333333333,0.12666666666666668
1817,Exercise,2,High,0.3333333333333333,0.22333333333333333,0.44333333333333336
5566,Social Media Engagement,1,Medium,0.17666666666666667,0.5133333333333333,0.31
2561,Spending Time Alone,2,High,0.15333333333333332,0.10666666666666667,0.74
401,Walking or Nature Walks,1,Medium,0.21666666666666667,0.41333333333333333,0.37
43,Exercise,2,High,0.33666666666666667,0.29333333333333333,0.37
46,Watching Sports,2,High,0.3233333333333333,0.2833333333333333,0.3933333333333333
4648,Talking to Friends,0,Low,0.6233333333333333,0.17333333333333334,0.20333333333333334
2269,Talking to Friends,0,Low,0.36333333333333334,0.3,0.33666666666666667
5705,Reading,1,Medium,0.20333333333333334,0.57,0.22666666666666666
4693,Travelling,0,Low,0.6366666666666667,0.13,0.23333333333333334
5022,Yoga,1,Medium,0.16666666666666666,0.6833333333333333,0.15
5202,Exercise,2,High,0.07666666666666666,0.14,0.7833333333333333
654,Travelling,0,Low,0.41,0.3,0.29
2872,Watching Sports,2,High,0.24666666666666667,0.26666666666666666,0.4866666666666667
2162,Yoga,1,Medium,0.11666666666666667,0.74,0.14333333333333334
5107,Talking to Friends,0,Low,0.54,0.18333333333333332,0.27666666666666667
5182,Watching Sports,2,High,0.27666666666666667,0.2733333333333333,0.45
5195,Social Media Engagement,2,High,0.29333333333333333,0.31666666666666665,0.39
3534,Watching Sports,0,Low,0.6266666666666667,0.17666666666666667,0.19666666666666666
2173,Spending Time Alone,2,High,0.23666666666666666,0.22333333333333333,0.54
4458,Talking to Friends,2,High,0.22,0.28,0.5
5579,Spending Time Alone,1,Medium,0.22,0.5066666666666667,0.2733333333333333
4791,Spending Time Alone,1,Medium,0.09333333333333334,0.7733333333333333,0.13333333333333333
4012,Walking or Nature Walks,1,Medium,0.11,0.67,0.22
4214,Yoga,2,High,0.21,0.19,0.6
417,Exercise,0,Low,0.36,0.2966666666666667,0.3433333333333333
4359,Spending Time Alone,0,Low,0.3933333333333333,0.3433333333333333,0.2633333333333333
383,Walking or Nature Walks,2,High,0.25333333333333335,0.32,0.4266666666666667
3146,Reading,0,Low,0.7166666666666667,0.11,0.17333333333333334
2452,Social Media Engagement,2,High,0.22666666666666666,0.36,0.41333333333333333
5665,Reading,1,Medium,0.19333333333333333,0.5966666666666667,0.21
1537,Travelling,1,Medium,0.22333333333333333,0.5533333333333333,0.22333333333333333
4164,Talking to Friends,0,Low,0.43666666666666665,0.30333333333333334,0.26
3560,Travelling,1,Medium,0.27666666666666667,0.3933333333333333,0.33
4377,Walking or Nature Walks,0,Low,0.5066666666666667,0.24666666666666667,0.24666666666666667
785,Reading,2,High,0.27,0.2633333333333333,0.4666666666666667
5652,Yoga,0,Low,0.34,0.32,0.34
5627,Exercise,2,High,0.19666666666666666,0.37,0.43333333333333335
2210,Watching Sports,0,Low,0.36666666666666664,0.2866666666666667,0.3466666666666667
5398,Watching Sports,0,Low,0.33666666666666667,0.33,0.3333333333333333
5111,Travelling,2,High,0.18333333333333332,0.17333333333333334,0.6433333333333333
5247,Spending Time Alone,1,Medium,0.23333333333333334,0.41,0.3566666666666667
783,Watching Sports,0,Low,0.36,0.29,0.35
4228,Reading,2,High,0.16666666666666666,0.21,0.6233333333333333
1715,Exercise,0,Low,0.37,0.2866666666666667,0.3433333333333333
801,Travelling,1,Medium,0.25333333333333335,0.5533333333333333,0.19333333333333333
424,Social Media Engagement,2,High,0.2866666666666667,0.2733333333333333,0.44
2203,Watching Sports,1,Medium,0.14333333333333334,0.7,0.15666666666666668
4601,Reading,0,Low,0.39,0.30333333333333334,0.30666666666666664
1709,Reading,1,Medium,0.14666666666666667,0.6133333333333333,0.24
4179,Social Media Engagement,1,Medium,0.2966666666666667,0.48333333333333334,0.22
2004,Spending Time Alone,0,Low,0.37666666666666665,0.31333333333333335,0.31
3562,Exercise,1,Medium,0.3566666666666667,0.4033333333333333,0.24
4886,Travelling,0,Low,0.41333333333333333,0.22666666666666666,0.36
703,Spending Time Alone,2,High,0.3,0.25666666666666665,0.44333333333333336
4643,Spending Time Alone,0,Low,0.5266666666666666,0.20333333333333334,0.27
1286,Social Media Engagement,2,High,0.25,0.3333333333333333,0.4166666666666667
3890,Travelling,2,High,0.31,0.3233333333333333,0.36666666666666664
435,Reading,2,High,0.29,0.32,0.39
3409,Travelling,1,Medium,0.28,0.43666666666666665,0.2833333333333333
2338,Exercise,1,Medium,0.14666666666666667,0.55,0.30333333333333334
3827,Talking to Friends,2,High,0.28,0.2733333333333333,0.44666666666666666
3397,Social Media Engagement,0,Low,0.5366666666666666,0.20666666666666667,0.25666666666666665
5516,Walking or Nature Walks,1,Medium,0.11666666666666667,0.7333333333333333,0.15
2911,Reading,2,High,0.2833333333333333,0.19333333333333333,0.5233333333333333
2000,Exercise,2,High,0.27666666666666667,0.27,0.4533333333333333
5327,Reading,1,Medium,0.22,0.58,0.2
5188,Watching Sports,1,Medium,0.23,0.4666666666666667,0.30333333333333334
3388,Exercise,1,Medium,0.25,0.38,0.37
5192,Meditation,2,High,0.22666666666666666,0.23666666666666666,0.5366666666666666
1887,Reading,1,Medium,0.08666666666666667,0.8033333333333333,0.11
979,Exercise,0,Low,0.37333333333333335,0.30666666666666664,0.32
5040,Spending Time Alone,1,Medium,0.25333333333333335,0.3933333333333333,0.35333333333333333
4117,Reading,2,High,0.15333333333333332,0.2633333333333333,0.5833333333333334
1114,Walking or Nature Walks,0,Low,0.4266666666666667,0.2966666666666667,0.27666666666666667
1056,Yoga,1,Medium,0.3,0.36,0.34
495,Reading,2,High,0.30666666666666664,0.25333333333333335,0.44
2406,Reading,2,High,0.08666666666666667,0.18,0.7333333333333333
5452,Walking or Nature Walks,2,High,0.41333333333333333,0.16333333333333333,0.42333333333333334
3634,Talking to Friends,0,Low,0.6466666666666666,0.22,0.13333333333333333
2195,Meditation,1,Medium,0.11333333333333333,0.6133333333333333,0.2733333333333333
4630,Social Media Engagement,1,Medium,0.23,0.5666666666666667,0.20333333333333334
2741,Spending Time Alone,2,High,0.26666666666666666,0.35333333333333333,0.38
5530,Yoga,2,High,0.25,0.36333333333333334,0.38666666666666666
5002,Yoga,2,High,0.11,0.10333333333333333,0.7866666666666666
86,Yoga,2,High,0.2966666666666667,0.3433333333333333,0.36
4182,Spending Time Alone,1,Medium,0.21,0.62,0.17
2642,Watching Sports,2,High,0.24333333333333335,0.25,0.5066666666666667
4173,Yoga,0,Low,0.36,0.35,0.29
3422,Talking to Friends,2,High,0.23666666666666666,0.15666666666666668,0.6066666666666667
5302,Watching Sports,1,Medium,0.17333333333333334,0.6533333333333333,0.17333333333333334
3906,Meditation,0,Low,0.5066666666666667,0.21666666666666667,0.27666666666666667
3332,Social Media Engagement,0,Low,0.4266666666666667,0.2966666666666667,0.27666666666666667
118,Travelling,1,Medium,0.33,0.35,0.32
5180,Spending Time Alone,2,High,0.37666666666666665,0.23,0.3933333333333333
740,Reading,0,Low,0.38333333333333336,0.23666666666666666,0.38
1443,Spending Time Alone,1,Medium,0.11333333333333333,0.5966666666666667,0.29
2608,Meditation,1,Medium,0.22333333333333333,0.39666666666666667,0.38
1610,Walking or Nature Walks,1,Medium,0.21666666666666667,0.63,0.15333333333333332
4944,Spending Time Alone,0,Low,0.65,0.18333333333333332,0.16666666666666666
5349,Talking to Friends,0,Low,0.6266666666666667,0.24,0.13333333333333333
5523,Yoga,1,Medium,0.31666666666666665,0.38,0.30333333333333334
1,Meditation,2,High,0.2833333333333333,0.25,0.4666666666666667
626,Meditation,2,High,0.32666666666666666,0.29,0.38333333333333336
4381,Yoga,0,Low,0.35333333333333333,0.32666666666666666,0.32
1450,Meditation,1,Medium,0.16666666666666666,0.6566666666666666,0.17666666666666667
1116,Walking or Nature Walks,0,Low,0.41333333333333333,0.21333333333333335,0.37333333333333335
675,Watching Sports,1,Medium,0.25333333333333335,0.43666666666666665,0.31
2923,Exercise,1,Medium,0.24666666666666667,0.43333333333333335,0.32
2311,Yoga,0,Low,0.4066666666666667,0.27666666666666667,0.31666666666666665
1466,Watching Sports,2,High,0.2966666666666667,0.31,0.3933333333333333
5654,Talking to Friends,1,Medium,0.32,0.43666666666666665,0.24333333333333335
3083,Yoga,1,Medium,0.21666666666666667,0.5133333333333333,0.27
621,Meditation,1,Medium,0.32666666666666666,0.44,0.23333333333333334
1848,Reading,1,Medium,0.15,0.72,0.13
5498,Watching Sports,1,Medium,0.23,0.4166666666666667,0.35333333333333333
3641,Talking to Friends,2,High,0.20666666666666667,0.13333333333333333,0.66
221,Watching Sports,1,Medium,0.2833333333333333,0.4666666666666667,0.25
2229,Reading,2,High,0.37333333333333335,0.25,0.37666666666666665
4804,Walking or Nature Walks,1,Medium,0.32,0.43666666666666665,0.24333333333333335
2760,Spending Time Alone,1,Medium,0.24,0.57,0.19
5322,Reading,0,Low,0.6533333333333333,0.18666666666666668,0.16
2864,Travelling,2,High,0.35,0.29333333333333333,0.3566666666666667
4423,Watching Sports,1,Medium,0.13666666666666666,0.67,0.19333333333333333
1312,Travelling,2,High,0.25,0.3433333333333333,0.4066666666666667
3520,Talking to Friends,2,High,0.12666666666666668,0.21333333333333335,0.66
3791,Reading,1,Medium,0.18333333333333332,0.65,0.16666666666666666
4884,Travelling,1,Medium,0.21,0.5633333333333334,0.22666666666666666
1267,Exercise,1,Medium,0.34,0.37333333333333335,0.2866666666666667
4762,Exercise,0,Low,0.5866666666666667,0.19333333333333333,0.22
4939,Meditation,1,Medium,0.19333333333333333,0.6333333333333333,0.17333333333333334
4658,Reading,1,Medium,0.19333333333333333,0.5766666666666667,0.23
1370,Walking or Nature Walks,0,Low,0.36,0.2966666666666667,0.3433333333333333
3418,Yoga,2,High,0.20666666666666667,0.18333333333333332,0.61
3740,Walking or Nature Walks,1,Medium,0.12333333333333334,0.68,0.19666666666666666
238,Talking to Friends,0,Low,0.55,0.21333333333333335,0.23666666666666666
97,Travelling,1,Medium,0.30666666666666664,0.3466666666666667,0.3466666666666667
3718,Yoga,2,High,0.16333333333333333,0.16333333333333333,0.6733333333333333
2987,Social Media Engagement,0,Low,0.3333333333333333,0.3333333333333333,0.3333333333333333
3468,Social Media Engagement,2,High,0.20333333333333334,0.2733333333333333,0.5233333333333333
667,Meditation,0,Low,0.37333333333333335,0.26666666666666666,0.36
1152,Reading,0,Low,0.4066666666666667,0.18666666666666668,0.4066666666666667
1405,Travelling,1,Medium,0.18,0.6,0.22
3487,Exercise,1,Medium,0.2966666666666667,0.4033333333333333,0.3
5493,Meditation,1,Medium,0.28,0.4266666666666667,0.29333333333333333
3008,Yoga,2,High,0.17333333333333334,0.35,0.4766666666666667
337,Spending Time Alone,2,High,0.19333333333333333,0.21,0.5966666666666667
1665,Social Media Engagement,0,Low,0.5133333333333333,0.29333333333333333,0.19333333333333333
5187,Meditation,0,Low,0.45,0.3233333333333333,0.22666666666666666
4317,Reading,2,High,0.15666666666666668,0.17,0.6733333333333333
5356,Exercise,1,Medium,0.26666666666666666,0.39666666666666667,0.33666666666666667
4172,Spending Time Alone,1,Medium,0.32666666666666666,0.37666666666666665,0.2966666666666667
577,Yoga,2,High,0.31666666666666665,0.28,0.4033333333333333
4700,Reading,0,Low,0.54,0.23666666666666666,0.22333333333333333
1172,Travelling,1,Medium,0.26,0.39666666666666667,0.3433333333333333
4254,Spending Time Alone,0,Low,0.3933333333333333,0.22,0.38666666666666666
4176,Reading,2,High,0.21333333333333335,0.15,0.6366666666666667
5153,Yoga,0,Low,0.37333333333333335,0.2833333333333333,0.3433333333333333
2809,Exercise,2,High,0.15666666666666668,0.16,0.6833333333333333
3992,Yoga,2,High,0.23333333333333334,0.27,0.49666666666666665
2147,Travelling,2,High,0.35,0.26666666666666666,0.38333333333333336
3987,Reading,2,High,0.08333333333333333,0.11333333333333333,0.8033333333333333
3588,Walking or Nature Walks,0,Low,0.8,0.09,0.11
2514,Walking or Nature Walks,1,Medium,0.31,0.41333333333333333,0.27666666666666667
516,Reading,0,Low,0.36,0.32,0.32
3530,Talking to Friends,0,Low,0.66,0.17333333333333334,0.16666666666666666
3142,Reading,0,Low,0.35333333333333333,0.31,0.33666666666666667
939,Walking or Nature Walks,2,High,0.27666666666666667,0.3466666666666667,0.37666666666666665
1227,Spending Time Alone,1,Medium,0.3433333333333333,0.41333333333333333,0.24333333333333335
357,Watching Sports,2,High,0.35333333333333333,0.2733333333333333,0.37333333333333335
5697,Yoga,1,Medium,0.15,0.73,0.12
4729,Exercise,0,Low,0.38333333333333336,0.2733333333333333,0.3433333333333333
4950,Social Media Engagement,0,Low,0.7233333333333334,0.11,0.16666666666666666
3543,Meditation,2,High,0.3,0.3,0.4
5427,Travelling,2,High,0.29333333333333333,0.32666666666666666,0.38
5124,Travelling,0,Low,0.76,0.16,0.08
741,Social Media Engagement,1,Medium,0.3,0.37666666666666665,0.3233333333333333
1884,Yoga,0,Low,0.42333333333333334,0.31666666666666665,0.26
841,Walking or Nature Walks,0,Low,0.47,0.28,0.25
74,Talking to Friends,2,High,0.3233333333333333,0.3,0.37666666666666665
4122,Meditation,1,Medium,0.2833333333333333,0.38,0.33666666666666667
2464,Travelling,1,Medium,0.28,0.36333333333333334,0.3566666666666667
586,Exercise,1,Medium,0.33,0.34,0.33
2934,Watching Sports,0,Low,0.39,0.2733333333333333,0.33666666666666667
4227,Travelling,2,High,0.23,0.23666666666666666,0.5333333333333333
